4   4   22
4   4   11
4   4   11
4   4   11
4   4   22
4   4   11
4   0   22
0   0   11
0   0   22
0   0   11
0   0   22
0   0   22
0   0   11
0   0   11
0   0   11
0   0   11
0   0   22
0   0   11
0   0   11
0   0   22
0   0   22
0   1   22
0   1   22
0   1   11
0   1   22
0   1   22
0   1   22
0   1   11
0   1   22
0   1   11
0   1   22
0   1   0
0   1   11
0   1   11
0   1   22
0   2   22
0   2   0
0   2   22
0   2   22
0   2   11
0   2   0
0   2   0
0   2   22
0   2   11
0   2   11
0   2   22
0   2   22
0   2   22
0   2   22
0   3   22
0   3   11
0   3   22
0   3   11
0   3   22
0   3   11
0   3   11
0   3   0
0   3   0
0   3   22
0   3   0
0   3   22
0   3   22
0   3   11
0   4   22
0   4   22
0   4   22
0   4   11
0   4   11
0   4   11
0   4   11
0   4   11
0   4   22
0   4   11
0   4   22
0   4   11
0   4   11
0   4   11
1   0   11
1   0   11
1   0   22
1   0   22
1   0   22
1   0   0
1   0   22
1   0   22
1   0   22
1   0   22
1   0   11
1   0   11
1   0   11
1   0   22
1   1   11
1   1   22
1   1   22
1   1   22
1   1   11
1   1   11
1   1   11
1   1   22
1   1   11
1   1   11
1   1   11
1   1   11
1   1   11
1   1   11
1   2   11
1   2   0
1   2   11
1   2   11
1   2   11
1   2   11
1   2   22
1   2   11
1   2   11
1   2   11
1   2   11
1   2   22
1   2   22
1   2   0
1   3   11
1   3   22
1   3   11
1   3   11
1   3   11
1   3   11
1   3   11
1   3   22
1   3   22
1   3   11
1   3   22
1   3   22
1   3   11
1   3   11
1   4   0
1   4   11
1   4   11
1   4   11
1   4   11
1   4   22
1   4   22
1   4   11
1   4   22
1   4   22
1   4   22
1   4   22
1   4   22
1   4   11
2   0   22
2   0   11
2   0   0
2   0   11
2   0   22
2   0   11
2   0   11
2   0   22
2   0   22
2   0   11
2   0   22
2   0   22
2   0   11
2   0   22
2   1   0
2   1   22
2   1   11
2   1   11
2   1   11
2   1   22
2   1   11
2   1   22
2   1   22
2   1   22
2   1   22
2   1   11
2   1   11
2   1   11
2   2   22
2   2   22
2   2   22
2   2   22
2   2   22
2   2   22
2   2   11
2   2   11
2   2   22
2   2   22
2   2   11
2   2   22
2   2   22
2   2   11
2   3   22
2   3   22
2   3   11
2   3   11
2   3   11
2   3   11
2   3   11
2   3   22
2   3   11
2   3   11
2   3   11
2   3   22
2   3   11
2   3   11
2   4   22
2   4   22
2   4   11
2   4   11
2   4   11
2   4   22
2   4   22
2   4   11
2   4   11
2   4   22
2   4   22
2   4   22
2   4   11
2   4   11
3   0   11
3   0   22
3   0   22
3   0   11
3   0   22
3   0   22
3   0   11
3   0   11
3   0   11
3   0   22
3   0   0
3   0   22
3   0   11
3   0   22
3   1   11
3   1   0
3   1   11
3   1   11
3   1   11
3   1   11
3   1   22
3   1   11
3   1   11
3   1   11
3   1   11
3   1   11
3   1   11
3   1   22
3   2   22
3   2   22
3   2   22
3   2   22
3   2   22
3   2   11
3   2   22
3   2   11
3   2   22
3   2   22
3   2   11
3   2   22
3   2   22
3   2   11
3   3   22
3   3   22
3   3   11
3   3   11
3   3   11
3   3   11
3   3   11
3   3   11
3   3   22
3   3   11
3   3   11
3   3   22
3   3   11
3   3   22
3   4   22
3   4   22
3   4   22
3   4   22
3   4   22
3   4   22
3   4   11
3   4   22
3   4   11
3   4   11
3   4   11
3   4   22
3   4   11
3   4   22
4   0   11
4   0   11
4   0   11
4   0   22
4   0   22
4   0   11
4   0   11
4   0   11
4   0   22
4   0   22
4   0   11
4   0   11
4   0   22
4   0   11
4   1   11
4   1   11
4   1   11
4   1   11
4   1   11
4   1   11
4   1   11
4   1   11
4   1   22
4   1   11
4   1   22
4   1   11
4   1   11
4   1   22
4   2   11
4   2   11
4   2   11
4   2   22
4   2   22
4   2   22
4   2   11
4   2   11
4   2   22
4   2   22
4   2   11
4   2   22
4   2   11
4   2   22
4   3   11
4   3   22
4   3   11
4   3   11
4   3   22
4   3   11
4   3   22
4   3   22
4   3   22
4   3   22
4   3   11
4   3   22
4   3   22
4   3   22
4   4   0
4   4   22
4   4   0
4   4   11
4   4   11
4   4   11
4   4   11
4   4   11
4   4   22
4   4   11
4   4   22
4   4   11
4   4   11
4   4   22
4   0   22
0   0   11
0   0   11
0   0   22
0   0   11
0   0   11
0   0   22
0   0   11
0   0   11
0   0   11
0   0   22
0   0   11
0   0   11
0   0   11
0   0   22
0   1   11
