55    -11
77    11
44    22
66    -11
44    0
44    33
11    22
22    -11
11    0
44    11
22    22
44    44
44    0
22    55
44    22
44    11
55    0
77    11
22    0
22    44
88    11
22    33
11    -11
44    11
77    44
22    11
22    -11
44    11
55    33
55    11
11    22
44    -11
44    0
44    11
88    11
44    0
44    44
44    11
77    11
44    44
77    11
55    0
77    22
44    33
66    0
55    11
55    22
77    -22
77    -33
132    22
110    -11
143    -11
143    11
165    -11
165    0
165    11
198    22
198    0
231    0
220    22
220    11
198    11
220    11
231    0
220    11
220    44
198    33
220    22
209    0
187    33
231    22
176    -11
198    44
220    44
220    11
220    11
198    22
187    22
231    11
198    -11
220    11
220    11
220    0
198    0
231    33
220    11
209    22
220    0
220    22
220    11
220    0
165    11
143    22
143    22
110    33
143    44
132    0
143    22
99    -22
88    -22
88    0
77    0
55    22
77    -11
55    0
55    33
44    -11
88    44
88    -11
88    22
44    11
88    0
44    11
55    22
55    -11
88    11
88    0
88    44
44    0
88    0
55    11
88    11
44    -11
55    11
88    0
44    -11
44    0
55    44
99    11
88    0
77    -11
88    -11
77    0
88    44
44    0
44    11
88    0
88    -11
88    11
77    -11
44    0
88    -11
77    0
77    0
77    -33
77    -11
55    44
77    33
44    -11
77    0
77    11
88    22
55    44
88    22
55    22
55    22
88    11
55    -11
44    22
77    44
77    11
44    0
55    -33
22    0
88    11
88    -11
44    0
44    -33
88    11
88    -11
44    -33
88    22
88    -33
55    0
88    -33
77    0
77    -11
22    -33
33    11
44    -11
88    11
55    -33
77    0
110    22
44    0
99    0
77    11
88    -33
88    0
88    -33
88    -11
88    11
88    0
77    0
88    0
88    22
44    11
88    -44
77    -33
77    -44
88    -11
88    44
88    11
44    22
44    -33
77    11
88    44
44    11
44    44
44    11
88    11
55    11
88    22
88    22
88    11
77    22
99    -11
88    -11
55    33
88    -33
55    -11
88    11
88    0
44    22
88    22
44    0
88    -11
77    11
44    11
88    22
44    22
88    44
55    -11
88    11
88    22
99    -11
88    0
99    11
88    -22
77    0
77    -33
44    -33
88    -11
44    -11
99    44
77    -11
55    33
44    22
88    -33
88    -11
44    -11
88    0
88    0
55    11
22    0
55    -11
88    22
55    0
88    -33
22    -11
77    0
88    11
88    -11
88    11
143    -11
165    22
198    0
363    22
374    44
396    44
440    55
286    22
440    44
440    55
429    44
440    22
440    44
407    55
440    44
341    44
396    22
253    22
143    11
110    -33
99    11
88    -33
88    22
88    22
99    -22
77    11
33    -11
77    -11
11    0
77    -22
33    0
55    -33
22    -11
22    -11
11    -33
-11    -11
44    0
22    11
44    11
44    0
-11    -11
11    -11
44    44
11    -11
44    44
22    -22
-11    0
44    0
44    -11
-33    11
0    -11
44    -33
11    -33
22    0
11    55
0    0
44    -33
44    22
0    -33
0    0
0    -11
22    0
0    22
11    44
11    44
55    -33
-11    44
22    -33
-11    11
0    -22
-11    0
44    11
11    -11
44    22
11    -11
44    11
22    -22
55    -11
-11    22
44    44
44    0
22    11
11    22
22    -33
44    -11
11    0
22    -11
11    11
-11    22
0    -33
44    -11
0    44
44    22
-33    55
33    44
0    -33
-11    -33
0    -33
22    22
44    22
0    22
-11    0
44    11
22    44
-11    55
11    44
11    44
44    -22
11    22
0    55
11    44
44    22
44    33
44    0
0    11
0    11
44    11
44    0
11    44
0    44
0    0
